1.099
1.101
1.085
1.082
1.067
1.060
1.058
1.067
1.060
1.074
1.078
1.076
1.076
1.073
1.080
1.088
1.089
1.098
1.117
1.116
1.119
1.115
1.117
1.135
1.128
1.124
1.114
1.124
1.137
1.137
1.143
1.135
1.115
1.108
1.113
1.103
0.000
1.088
1.089
1.091
1.099
1.091
1.113
1.129
1.127
1.111
1.123
1.128
1.131
1.124
1.128
1.127
1.124
1.124
1.140
1.133
1.138
1.119
1.118
1.120
1.116
1.118
1.115
1.108
1.109
0.000
1.108
1.095
1.107
1.103
1.115
1.102
1.101
1.097
1.090
1.085
1.085
1.093
1.088
1.098
1.098
1.111
1.105
1.103
1.091
1.103
1.096
1.095
1.087
1.092
1.096
1.099
1.104
1.120
1.114
1.111
1.108
1.103
1.106
1.120
1.136
1.158
1.141
1.139
1.124
1.117
1.119
1.126
1.124
1.110
1.112
0.000
1.118
1.117
1.126
1.134
1.131
1.126
1.130
1.131
1.136
1.120
1.113
1.116
1.125
1.119
1.124
1.125
1.116
1.120
1.128
1.120
1.127
1.125
1.128
1.136
0.000
1.138
1.144
1.142
1.136
1.132
1.136
1.135
1.114
1.102
1.105
1.105
1.107
1.096
1.104
1.103
1.095
1.086
1.087
1.075
1.077
1.069
0.000
1.077
1.072
1.071
1.063
1.064
1.075
1.066
1.060
1.065
1.062
0.000
1.060
1.056
1.062
1.057
1.090
1.088
1.084
1.088
1.098
1.095
1.100
1.103
1.091
1.094
1.080
1.085
1.092
1.098
1.087
1.095
0.000
1.098
1.092
1.091
1.086
0.000
1.080
1.074
1.076
1.086
1.089
1.088
1.084
1.086
1.086
1.096
0.000
1.091
1.091
1.083
1.081
1.083
1.085
1.087
1.095
1.083
1.089
1.091
1.105
1.120
1.113
1.117
1.130
1.122
1.136
1.123
0.000
1.114
1.114
1.109
1.113
1.102
1.102
1.102
1.103
1.093
1.087
1.085
1.085
1.095
1.101
1.100
1.103
1.102
1.116
1.118
1.111
1.111
1.107
1.132
1.129
1.126
1.123
1.117
1.116
1.116
1.121
1.120
1.133
1.139
1.139
1.139
1.137
1.143
1.139
1.141
1.141
1.139
1.128
1.126
1.129
1.132
1.137
1.133
1.130
1.124
1.127
1.132
1.132
1.133
1.144
1.152
1.151
1.149
1.140
1.142
1.140
1.139
1.144
1.138
1.129
1.133
1.134
1.128
1.121
1.121
1.119
1.115
1.115
1.118
1.114
0.000
1.113
1.117
1.116
1.133
1.135
1.135
1.140
1.133
1.128
1.128
1.121
1.124
1.116
1.126
1.132
1.126
1.129
1.137
1.113
1.102
1.105
1.112
1.103
1.115
0.000
1.108
1.108
1.107
1.104
1.105
1.107
1.111
1.111
1.106
1.108
1.101
1.101
1.102
1.097
1.098
1.098
1.099
1.109
1.117
1.118
1.123
1.117
1.113
1.108
1.108
1.111
1.117
1.117
1.117
1.120
1.128
1.126
1.133
1.133
1.131
1.131
1.126
1.127
1.124
1.118
1.115
1.115
1.119
1.116
0.000
1.124
1.124
1.126
1.121
1.123
1.124
1.127
1.125
1.116
1.118
1.117
1.117
1.123
1.122
1.127
1.121
1.120
1.124
1.124
1.121
1.121
1.120
1.116
1.116
0.000
1.106
1.101
1.104
1.099
1.100
1.100
1.097
1.093
1.087
1.089
1.089
1.092
1.090
1.093
1.096
1.104
1.112
1.109
1.112
1.104
1.103
1.095
1.088
0.000
1.072
1.073
1.070
1.066
1.060
1.060
1.062
1.056
0.000
1.060
1.058
1.063
1.058
1.063
1.067
1.072
1.072
1.076
1.062
1.054
1.061
1.063
1.066
1.038
1.046
1.044
1.039
1.042
1.045
1.045
0.000
1.046
1.039
1.049
1.055
0.000
1.042
1.048
1.060
1.056
1.058
1.057
1.050
1.067
1.062
0.000
1.069
1.068
1.063
0.000
1.074
1.075
1.074
1.067
1.069
1.068
1.079
1.076
1.080
1.079
1.073
1.069
1.071
1.066
1.065
1.060
1.058
1.060
1.066
1.061
0.000
1.055
1.056
1.059
1.058
1.062
1.062
1.056
1.051
1.055
1.059
1.058
1.055
1.059
1.067
1.067
1.065
1.063
1.074
1.074
1.075
1.081
1.080
1.079
1.081
1.088
1.085
1.076
1.073
1.070
1.065
1.066
1.066
1.065
1.062
1.061
1.061
1.061
1.063
1.062
1.066
1.071
1.071
1.076
1.069
1.085
1.094
1.087
1.086
1.089
1.091
1.091
1.092
1.097
1.100
1.093
1.087
1.087
1.087
1.093
1.098
1.107
1.113
1.113
1.119
1.124
1.120
1.117
1.122
1.117
0.000
1.118
1.124
1.121
1.127
1.125
1.127
1.124
1.122
1.119
1.120
1.119
1.128
1.115
1.119
1.116
1.112
1.114
1.115
1.120
1.120
1.130
1.136
1.142
1.141
1.137
0.000
1.134
1.141
1.140
1.140
1.143
1.141
1.139
1.145
1.147
1.158
1.152
1.163
1.165
1.164
1.166
1.163
1.166
1.175
1.183
1.180
1.186
1.188
1.175
1.179
1.172
1.175
1.175
1.181
1.179
1.174
1.170
1.174
1.175
1.181
1.176
1.180
1.180
1.187
1.197
1.202
1.193
1.189
1.188
0.000
1.191
1.194
1.203
1.204
1.196
1.197
1.190
1.189
1.196
1.194
1.198
1.200
1.195
1.197
1.185
1.177
1.175
1.178
1.181
1.175
1.176
1.176
1.171
1.173
0.000
1.180
1.185
1.184
1.184
1.181
1.175
1.177
1.184
1.177
1.176
1.177
1.180
1.170
1.158
1.163
1.165
1.162
1.167
1.162
1.160
1.158
1.159
1.165
0.000
1.166
1.176
1.179
1.177
1.180
1.174
1.174
1.179
0.000
1.194
1.191
1.188
1.186
1.190
1.191
1.185
1.182
1.179
1.179
1.176
1.180
1.173
1.176
1.178
1.178
1.180
1.182
1.188
1.187
1.184
0.000
1.187
1.190
1.195
1.202
0.000
1.205
1.203
1.206
1.204
1.197
1.192
1.196
1.204
1.213
0.000
1.224
1.223
1.224
1.224
1.223
1.228
1.239
1.249
1.242
1.235
1.239
1.243
1.248
1.245
1.242
1.238
1.228
1.224
1.223
1.227
1.236
1.240
1.248
1.244
0.000
1.235
1.231
1.233
1.230
1.230
1.224
1.221
1.222
1.231
1.233
1.242
1.240
1.231
1.233
1.232
1.240
1.236
1.232
1.228
1.233
1.227
1.227
1.231
1.236
1.244
1.241
1.235
1.230
1.232
1.229
1.226
1.229
1.223
1.227
1.232
1.234
1.238
1.232
1.232
1.237
1.234
1.238
1.234
1.228
1.222
1.223
1.218
1.211
1.211
1.207
1.200
1.197
1.197
1.195
1.193
1.186
1.185
1.190
1.195
1.198
1.186
1.179
1.180
1.177
1.177
1.178
1.169
1.173
1.167
0.000
1.155
1.166
1.167
1.168
1.170
1.167
1.178
1.181
1.177
1.180
1.179
1.178
1.163
1.162
1.161
1.158
1.159
1.160
1.163
1.169
1.167
1.159
1.158
1.168
1.160
1.165
0.000
1.170
1.174
1.174
1.173
1.172
1.169
1.167
1.171
1.166
1.165
1.160
1.171
1.170
1.168
1.168
1.165
1.166
1.172
1.171
1.167
1.161
1.160
1.156
1.160
1.160
1.157
1.140
1.140
1.135
1.133
1.139
1.141
1.144
1.153
1.159
1.157
1.163
1.168
1.172
1.170
1.165
1.160
0.000
1.157
1.162
1.162
1.157
1.160
1.159
1.163
1.167
1.166
1.169
1.169
1.169
1.174
1.174
1.177
1.177
1.176
1.167
1.162
1.157
1.156
1.153
1.151
1.150
0.000
1.148
1.154
1.157
1.156
1.159
1.159
1.154
1.149
1.151
1.147
1.148
1.139
1.137
1.139
1.139
1.136
1.133
1.140
1.138
1.139
1.141
1.146
1.142
1.133
0.000
1.129
1.131
1.132
1.140
1.145
1.139
1.139
0.000
1.133
1.134
1.128
1.129
1.138
1.132
1.136
1.135
0.000
1.137
1.139
1.137
1.131
1.136
1.136
1.130
1.134
1.136
1.142
1.143
1.140
0.000
0.000
1.141
1.141
1.145
1.146
0.000
1.136
1.140
1.141
1.147
1.144
1.152
1.152
1.148
0.000
1.139
1.141
1.139
1.136
0.000
1.136
1.139
1.132
1.141
1.144
1.142
1.142
1.145
1.147
1.144
1.141
1.138
1.136
1.133
1.128
1.132
1.129
1.128
1.127
0.000
1.133
0.000
1.134
1.134
1.135
1.137
1.137
1.138
1.138
1.133
1.130
1.132
1.121
1.124
1.123
1.128
1.131
1.130
1.133
1.134
1.135
1.135
1.136
1.128
1.132
1.128
1.125
1.124
1.123
1.121
1.119
1.124
1.122
1.122
1.126
1.128
1.127
1.126
1.130
1.130
1.129
1.130
1.124
1.125
1.126
1.121
1.119
1.114
1.115
1.117
1.120
1.125
1.118
1.119
1.120
1.118
1.121
1.123
1.124
1.123
1.121
1.121
1.118
1.117
1.117
1.116
1.116
1.117
1.120
0.000
1.118
1.114
1.114
1.115
1.121
1.124
1.124
1.129
1.132
1.131
1.132
1.131
1.127
1.122
1.123
1.120
1.121
1.128
1.133
1.139
1.139
1.139
1.137
1.137
1.131
1.130
1.127
0.000
1.122
1.121
1.121
1.126
1.126
1.125
1.126
1.121
1.123
1.123
1.122
1.121
1.116
1.114
1.116
1.112
1.114
1.115
1.113
1.106
1.111
1.120
1.120
1.124
1.121
1.122
1.121
1.118
1.114
1.111
1.109
1.110
1.109
1.110
1.109
1.115
1.111
1.109
1.108
1.106
1.099
0.000
1.097
1.103
1.104
1.104
1.106
1.104
1.100
1.107
1.107
1.101
1.106
1.106
1.105
1.100
1.099
1.100
1.095
1.094
1.094
1.091
1.093
1.095
1.099
1.097
1.098
1.095
1.098
1.102
1.104
0.000
1.104
1.107
1.113
1.115
1.115
1.114
1.112
1.110
1.108
1.109
1.112
1.112
1.115
1.117
1.114
1.107
1.108
1.105
1.102
0.000
1.102
1.100
1.102
1.105
1.108
1.107
1.106
1.107
1.103
1.101
1.101
1.100
0.000
1.102
1.107
1.109
1.108
1.110
1.105
1.107
1.109
1.109
1.111
1.113
1.114
1.115
1.111
1.113
1.108
1.109
1.108
0.000
1.110
1.117
1.122
1.123
0.000
1.117
1.117
1.119
1.114
1.112
1.111
1.112
1.114
1.113
1.116
1.113
1.109
0.000
1.110
1.109
1.104
1.103
1.102
1.101
1.100
1.103
1.108
1.106
1.104
1.101
1.098
1.095
1.092
1.092
1.089
1.085
1.084
0.000
1.081
1.079
1.080
1.085
1.086
1.087
1.089
1.098
1.100
1.116
1.117
1.113
1.120
1.132
1.142
1.134
1.128
1.108
1.107
1.114
1.097
1.083
1.070
1.068
1.076
1.079
1.083
1.103
1.106
1.102
1.102
1.093
1.086
1.080
